5.846604704856872559e-01 -3.974371254444122314e-01 -7.349280714988708496e-01 -7.420351505279541016e-01 -6.675412058830261230e-01 1.190321147441864014e-01 1.204375997185707092e-01 1.200351789593696594e-01 1.189661175012588501e-01 1.140997558832168579e-01 1.191792413592338562e-01 1.181521788239479065e-01 1.127727329730987549e-01 1.169321835041046143e-01 1.173562258481979370e-01 1.122087985277175903e-01 -1.081803917884826660e+00 1.157352551817893982e-01 1.134173721075057983e-01 1.196654960513114929e-01 1.145346760749816895e-01 1.148650497198104858e-01 1.138907670974731445e-01 1.287405639886856079e-01 1.255643367767333984e-01 1.187690794467926025e-01 4.240410625934600830e-01 4.240410625934600830e-01 4.240410625934600830e-01 4.240410625934600830e-01 -1.062320947647094727e+00 -1.016688942909240723e+00 1.334301531314849854e-01 1.345802396535873413e-01 1.302323490381240845e-01 1.406462192535400391e-01 1.398095935583114624e-01 1.525927186012268066e-01 1.450554132461547852e-01 1.547910273075103760e-01 1.435620933771133423e-01 4.341129362583160400e-01 4.368625283241271973e-01 -8.267076015472412109e-01 1.472619026899337769e-01 1.532793343067169189e-01 1.412915289402008057e-01 1.542605608701705933e-01 1.557986438274383545e-01 1.475638598203659058e-01 1.266001760959625244e-01 -6.980784535408020020e-01 -6.029295921325683594e-01 1.192120090126991272e-01 1.158308014273643494e-01 1.405945122241973877e-01 1.491992771625518799e-01 1.266330778598785400e-01 1.473187357187271118e-01 1.244052499532699585e-01 1.256573349237442017e-01 -6.889982223510742188e-01 -8.466362357139587402e-01 1.284762322902679443e-01 1.268008202314376831e-01 1.291024833917617798e-01 1.268023401498794556e-01
-3.974371254444122314e-01 7.546002864837646484e+00 3.871821641921997070e+00 4.381404876708984375e+00 2.744766473770141602e+00 -7.757499814033508301e-01 -7.743445038795471191e-01 -7.744482159614562988e-01 -7.758162617683410645e-01 -7.806906104087829590e-01 -7.756030559539794922e-01 -7.766301035881042480e-01 -7.820178270339965820e-01 -7.778583168983459473e-01 -7.770397067070007324e-01 -7.825815677642822266e-01 2.389797687530517578e+00 -7.781834006309509277e-01 -7.813730239868164062e-01 -7.754235863685607910e-01 -7.793837785720825195e-01 -7.799252867698669434e-01 -7.808995246887207031e-01 -7.592053413391113281e-01 -7.603983283042907715e-01 -7.758423686027526855e-01 -1.968178600072860718e-01 -1.968178600072860718e-01 -1.968178600072860718e-01 -1.968178600072860718e-01 2.377974033355712891e+00 2.535864591598510742e+00 -7.610615491867065430e-01 -7.599112987518310547e-01 -7.634848952293395996e-01 -7.545959949493408203e-01 -7.546821832656860352e-01 -7.404618263244628906e-01 -7.498619556427001953e-01 -7.386088967323303223e-01 -7.504479289054870605e-01 -4.442754089832305908e-01 -4.379789531230926514e-01 2.160801410675048828e+00 -7.457141280174255371e-01 -7.412694096565246582e-01 -7.532717585563659668e-01 -7.388343214988708496e-01 -7.388197779655456543e-01 -7.457932233810424805e-01 -7.681902050971984863e-01 2.384256362915039062e+00 2.288473129272460938e+00 -7.751580476760864258e-01 -7.783864140510559082e-01 -7.535902261734008789e-01 -7.435745000839233398e-01 -7.682289481163024902e-01 -7.456378936767578125e-01 -7.700781822204589844e-01 -7.695847153663635254e-01 3.758171081542968750e+00 2.296878099441528320e+00 -7.557682394981384277e-01 -7.576842308044433594e-01 -7.579939365386962891e-01 -7.607844471931457520e-01
-7.349280714988708496e-01 3.871821641921997070e+00 9.998088836669921875e+00 6.390110969543457031e+00 3.997135877609252930e+00 -9.751886725425720215e-01 -9.737830162048339844e-01 -9.741855263710021973e-01 -9.752544164657592773e-01 -9.804281592369079590e-01 -9.750414490699768066e-01 -9.760683178901672363e-01 -9.817548990249633789e-01 -9.775955677032470703e-01 -9.771715402603149414e-01 -9.823188781738281250e-01 3.040496110916137695e+00 -9.787923097610473633e-01 -9.811102747917175293e-01 -9.748621582984924316e-01 -9.799927473068237305e-01 -9.796625971794128418e-01 -9.806370139122009277e-01 -9.692460894584655762e-01 -9.705075621604919434e-01 -9.757586717605590820e-01 -7.777348160743713379e-01 -7.777348160743713379e-01 -7.777348160743713379e-01 -7.777348160743713379e-01 3.061618566513061523e+00 3.707397460937500000e+00 -9.611058831214904785e-01 -9.599556326866149902e-01 -9.639965295791625977e-01 -9.546981453895568848e-01 -9.547262787818908691e-01 -9.419192671775817871e-01 -9.507567882537841797e-01 -9.402291774749755859e-01 -9.522498250007629395e-01 -7.495188713073730469e-01 -7.500779628753662109e-01 3.073256015777587891e+00 -9.477657675743103027e-01 -9.428595304489135742e-01 -9.545509815216064453e-01 -9.408373832702636719e-01 -9.404240250587463379e-01 -9.477441310882568359e-01 -9.684050679206848145e-01 4.256841659545898438e+00 3.901496410369873047e+00 -9.748688936233520508e-01 -9.782451987266540527e-01 -9.533273577690124512e-01 -9.461150765419006348e-01 -9.683464169502258301e-01 -9.475445151329040527e-01 -9.693378210067749023e-01 -9.693220853805541992e-01 3.668103933334350586e+00 2.720932722091674805e+00 -9.658593535423278809e-01 -9.690918922424316406e-01 -9.671499729156494141e-01 -9.690018892288208008e-01
-7.420351505279541016e-01 4.381404876708984375e+00 6.390110969543457031e+00 1.042219734191894531e+01 5.021103858947753906e+00 -1.068907022476196289e+00 -1.067501544952392578e+00 -1.067903876304626465e+00 -1.068973064422607422e+00 -1.074146151542663574e+00 -1.068759918212890625e+00 -1.069787025451660156e+00 -1.075473308563232422e+00 -1.071313858032226562e+00 -1.070889949798583984e+00 -1.076037287712097168e+00 4.053010940551757812e+00 -1.072510957717895508e+00 -1.074828743934631348e+00 -1.068580746650695801e+00 -1.073711276054382324e+00 -1.073381185531616211e+00 -1.074355363845825195e+00 -1.059329867362976074e+00 -1.059386610984802246e+00 -1.069477200508117676e+00 -6.734789609909057617e-01 -6.734789609909057617e-01 -6.734789609909057617e-01 -6.734789609909057617e-01 4.101469993591308594e+00 4.149099349975585938e+00 -1.053806900978088379e+00 -1.052656888961791992e+00 -1.057334899902343750e+00 -1.048072457313537598e+00 -1.048137784004211426e+00 -1.034312129020690918e+00 -1.042699933052062988e+00 -1.031766057014465332e+00 -1.043434977531433105e+00 -7.690489888191223145e-01 -7.694182991981506348e-01 3.180166244506835938e+00 -1.039806008338928223e+00 -1.034343361854553223e+00 -1.046916246414184570e+00 -1.033209562301635742e+00 -1.032275676727294922e+00 -1.040186524391174316e+00 -1.061646103858947754e+00 3.856128692626953125e+00 3.586007595062255859e+00 -1.069486021995544434e+00 -1.072415232658386230e+00 -1.046726703643798828e+00 -1.038213491439819336e+00 -1.061684727668762207e+00 -1.039922118186950684e+00 -1.063056468963623047e+00 -1.063040494918823242e+00 3.709390878677368164e+00 2.921570539474487305e+00 -1.057523488998413086e+00 -1.057404994964599609e+00 -1.056708455085754395e+00 -1.059179306030273438e+00
-6.675412058830261230e-01 2.744766473770141602e+00 3.997135877609252930e+00 5.021103858947753906e+00 8.346685409545898438e+00 -8.982124328613281250e-01 -8.968068361282348633e-01 -8.975197672843933105e-01 -8.982783555984497070e-01 -9.034512639045715332e-01 -8.983754515647888184e-01 -8.994025588035583496e-01 -9.047784209251403809e-01 -9.006189703941345215e-01 -8.998008370399475098e-01 -9.053427577018737793e-01 4.498129367828369141e+00 -9.009441137313842773e-01 -9.041340947151184082e-01 -8.978857398033142090e-01 -9.021446704864501953e-01 -9.026863574981689453e-01 -9.036605358123779297e-01 -8.918213248252868652e-01 -8.934589028358459473e-01 -8.972526192665100098e-01 -7.075600028038024902e-01 -7.075600028038024902e-01 -7.075600028038024902e-01 -7.075600028038024902e-01 4.559263706207275391e+00 4.088066577911376953e+00 -8.837230801582336426e-01 -8.832029104232788086e-01 -8.868551254272460938e-01 -8.786181211471557617e-01 -8.790969252586364746e-01 -8.667975664138793945e-01 -8.748000860214233398e-01 -8.642255663871765137e-01 -8.748413324356079102e-01 -6.677289009094238281e-01 -6.706650257110595703e-01 3.350517272949218750e+00 -8.707917928695678711e-01 -8.656082749366760254e-01 -8.778446316719055176e-01 -8.658758401870727539e-01 -8.641005754470825195e-01 -8.721211552619934082e-01 -8.922832012176513672e-01 2.647778034210205078e+00 2.411951303482055664e+00 -8.963168859481811523e-01 -9.003968834877014160e-01 -8.776549696922302246e-01 -8.704655170440673828e-01 -8.913004398345947266e-01 -8.720567226409912109e-01 -8.931494951248168945e-01 -8.926561474800109863e-01 2.595662117004394531e+00 3.227421045303344727e+00 -8.879392743110656738e-01 -8.910215497016906738e-01 -8.892801403999328613e-01 -8.922329545021057129e-01
1.190321147441864014e-01 -7.757499814033508301e-01 -9.751886725425720215e-01 -1.068907022476196289e+00 -8.982124328613281250e-01 2.713619768619537354e-01 2.494193166494369507e-01 2.504787445068359375e-01 2.502981126308441162e-01 2.374936491250991821e-01 2.544780373573303223e-01 2.451616525650024414e-01 2.323206514120101929e-01 2.333045452833175659e-01 2.329836636781692505e-01 2.350753098726272583e-01 -1.056832909584045410e+00 2.337735891342163086e-01 2.353864759206771851e-01 2.494709193706512451e-01 2.354147136211395264e-01 2.328478544950485229e-01 2.346426695585250854e-01 2.248874902725219727e-01 2.269198447465896606e-01 2.327577024698257446e-01 -3.282935544848442078e-02 -3.282935544848442078e-02 -3.282935544848442078e-02 -3.282935544848442078e-02 -1.063393354415893555e+00 -1.034714579582214355e+00 2.201819866895675659e-01 2.208981215953826904e-01 2.238298058509826660e-01 2.187471687793731689e-01 2.162152081727981567e-01 2.107058018445968628e-01 2.137958258390426636e-01 2.094928324222564697e-01 2.147304266691207886e-01 1.323011815547943115e-01 1.318277567625045776e-01 -8.297414183616638184e-01 2.126320004463195801e-01 2.106875479221343994e-01 2.146993279457092285e-01 2.092658430337905884e-01 2.103883326053619385e-01 2.142056077718734741e-01 2.307877391576766968e-01 -9.985203742980957031e-01 -9.288675189018249512e-01 2.320566326379776001e-01 2.380605787038803101e-01 2.167000025510787964e-01 2.117855846881866455e-01 2.293183207511901855e-01 2.126026451587677002e-01 2.337794601917266846e-01 2.336654812097549438e-01 -7.410995364189147949e-01 -8.366485834121704102e-01 2.245832532644271851e-01 2.244228720664978027e-01 2.235218733549118042e-01 2.255539000034332275e-01
1.204375997185707092e-01 -7.743445038795471191e-01 -9.737830162048339844e-01 -1.067501544952392578e+00 -8.968068361282348633e-01 2.494193166494369507e-01 2.617542147636413574e-01 2.459983676671981812e-01 2.467823922634124756e-01 2.342357188463211060e-01 2.488597035408020020e-01 2.427995502948760986e-01 2.301045805215835571e-01 2.307867407798767090e-01 2.307565212249755859e-01 2.318213433027267456e-01 -1.056725978851318359e+00 2.317294478416442871e-01 2.323790341615676880e-01 2.504903376102447510e-01 2.370887249708175659e-01 2.327989339828491211e-01 2.345656454563140869e-01 2.257952988147735596e-01 2.282814085483551025e-01 2.311228364706039429e-01 -3.142385184764862061e-02 -3.142385184764862061e-02 -3.142385184764862061e-02 -3.142385184764862061e-02 -1.062285423278808594e+00 -1.033099412918090820e+00 2.216440439224243164e-01 2.213581800460815430e-01 2.237764894962310791e-01 2.193578332662582397e-01 2.171375155448913574e-01 2.108874917030334473e-01 2.151214480400085449e-01 2.108372598886489868e-01 2.165069282054901123e-01 1.337066441774368286e-01 1.335517913103103638e-01 -8.304756879806518555e-01 2.144085168838500977e-01 2.121454626321792603e-01 2.163478136062622070e-01 2.108077555894851685e-01 2.130649536848068237e-01 2.147371917963027954e-01 2.319439649581909180e-01 -9.986143708229064941e-01 -9.271900653839111328e-01 2.308045774698257446e-01 2.347690761089324951e-01 2.172476202249526978e-01 2.123380005359649658e-01 2.302214801311492920e-01 2.135285288095474243e-01 2.344075292348861694e-01 2.342696934938430786e-01 -7.410240769386291504e-01 -8.376634120941162109e-01 2.248880416154861450e-01 2.257470637559890747e-01 2.249376028776168823e-01 2.264617681503295898e-01
1.200351789593696594e-01 -7.744482159614562988e-01 -9.741855263710021973e-01 -1.067903876304626465e+00 -8.975197672843933105e-01 2.504787445068359375e-01 2.459983676671981812e-01 2.689016461372375488e-01 2.493828386068344116e-01 2.344640195369720459e-01 2.474476099014282227e-01 2.451761811971664429e-01 2.306610494852066040e-01 2.312268465757369995e-01 2.293981462717056274e-01 2.355190515518188477e-01 -1.056163072586059570e+00 2.328891903162002563e-01 2.349239885807037354e-01 2.511694431304931641e-01 2.365783751010894775e-01 2.305032461881637573e-01 2.333641499280929565e-01 2.256290167570114136e-01 2.277187705039978027e-01 2.342527806758880615e-01 -3.182628378272056580e-02 -3.182628378272056580e-02 -3.182628378272056580e-02 -3.182628378272056580e-02 -1.062521219253540039e+00 -1.034758090972900391e+00 2.213149070739746094e-01 2.204754054546356201e-01 2.242742180824279785e-01 2.192423492670059204e-01 2.163043767213821411e-01 2.104693502187728882e-01 2.144045680761337280e-01 2.099880427122116089e-01 2.147039473056793213e-01 1.329938769340515137e-01 1.328191906213760376e-01 -8.305793404579162598e-01 2.129303365945816040e-01 2.112962454557418823e-01 2.156049013137817383e-01 2.099585086107254028e-01 2.123323529958724976e-01 2.129232287406921387e-01 2.314219921827316284e-01 -9.978849887847900391e-01 -9.267415404319763184e-01 2.327162027359008789e-01 2.350523769855499268e-01 2.166971564292907715e-01 2.123390287160873413e-01 2.298438400030136108e-01 2.130882889032363892e-01 2.372715920209884644e-01 2.326716929674148560e-01 -7.417370676994323730e-01 -8.341913819313049316e-01 2.219853699207305908e-01 2.247613072395324707e-01 2.235018610954284668e-01 2.265942692756652832e-01
1.189661175012588501e-01 -7.758162617683410645e-01 -9.752544164657592773e-01 -1.068973064422607422e+00 -8.982783555984497070e-01 2.502981126308441162e-01 2.467823922634124756e-01 2.493828386068344116e-01 2.707358598709106445e-01 2.401216924190521240e-01 2.497435957193374634e-01 2.471270859241485596e-01 2.336089462041854858e-01 2.312937974929809570e-01 2.319492697715759277e-01 2.375580817461013794e-01 -1.056737422943115234e+00 2.350363433361053467e-01 2.377440035343170166e-01 2.519013583660125732e-01 2.394891977310180664e-01 2.345086038112640381e-01 2.367553710937500000e-01 2.254612892866134644e-01 2.276158183813095093e-01 2.324772477149963379e-01 -3.289533406496047974e-02 -3.289533406496047974e-02 -3.289533406496047974e-02 -3.289533406496047974e-02 -1.063459515571594238e+00 -1.035381674766540527e+00 2.201201021671295166e-01 2.198163717985153198e-01 2.228520214557647705e-01 2.175718694925308228e-01 2.156453281641006470e-01 2.095312625169754028e-01 2.146457582712173462e-01 2.089189589023590088e-01 2.146684825420379639e-01 1.322351992130279541e-01 1.317658424377441406e-01 -8.311333656311035156e-01 2.125701010227203369e-01 2.106215804815292358e-01 2.155443876981735229e-01 2.088894248008728027e-01 2.115527391433715820e-01 2.131801396608352661e-01 2.309924513101577759e-01 -9.985412955284118652e-01 -9.294778704643249512e-01 2.334609925746917725e-01 2.390145361423492432e-01 2.158068418502807617e-01 2.112117111682891846e-01 2.294697463512420654e-01 2.117426246404647827e-01 2.330796271562576294e-01 2.322587966918945312e-01 -7.424955368041992188e-01 -8.353002667427062988e-01 2.221610844135284424e-01 2.247278839349746704e-01 2.235076129436492920e-01 2.261277586221694946e-01
1.140997558832168579e-01 -7.806906104087829590e-01 -9.804281592369079590e-01 -1.074146151542663574e+00 -9.034512639045715332e-01 2.374936491250991821e-01 2.342357188463211060e-01 2.344640195369720459e-01 2.401216924190521240e-01 3.044318854808807373e-01 2.393336892127990723e-01 2.422582060098648071e-01 2.646687030792236328e-01 2.549828290939331055e-01 2.503755986690521240e-01 2.723850011825561523e-01 -1.044914603233337402e+00 2.582396268844604492e-01 2.599806189537048340e-01 2.352750897407531738e-01 2.596693933010101318e-01 2.507185339927673340e-01 2.641299068927764893e-01 2.231583446264266968e-01 2.258207947015762329e-01 2.365611344575881958e-01 -3.806865960359573364e-02 -3.806865960359573364e-02 -3.806865960359573364e-02 -3.806865960359573364e-02 -1.068341255187988281e+00 -1.038530349731445312e+00 2.161790579557418823e-01 2.141883820295333862e-01 2.172004729509353638e-01 2.120899707078933716e-01 2.106990367174148560e-01 2.076337486505508423e-01 2.092914581298828125e-01 2.037522196769714355e-01 2.100326418876647949e-01 1.273688524961471558e-01 1.278230994939804077e-01 -8.371119499206542969e-01 2.073168605566024780e-01 2.050604820251464844e-01 2.101152092218399048e-01 2.050363868474960327e-01 2.065710425376892090e-01 2.084248960018157959e-01 2.276633083820343018e-01 -1.001803159713745117e+00 -9.354969263076782227e-01 2.330786436796188354e-01 2.406443208456039429e-01 2.104736268520355225e-01 2.077421098947525024e-01 2.242309898138046265e-01 2.099664658308029175e-01 2.314966320991516113e-01 2.271021157503128052e-01 -7.470149397850036621e-01 -8.378496170043945312e-01 2.203274071216583252e-01 2.237417399883270264e-01 2.212042957544326782e-01 2.230690419673919678e-01
1.191792413592338562e-01 -7.756030559539794922e-01 -9.750414490699768066e-01 -1.068759918212890625e+00 -8.983754515647888184e-01 2.544780373573303223e-01 2.488597035408020020e-01 2.474476099014282227e-01 2.497435957193374634e-01 2.393336892127990723e-01 2.748170495033264160e-01 2.469603419303894043e-01 2.349238693714141846e-01 2.338272184133529663e-01 2.338805943727493286e-01 2.328566908836364746e-01 -1.055256724357604980e+00 2.345851808786392212e-01 2.382495999336242676e-01 2.525637447834014893e-01 2.367691993713378906e-01 2.361752688884735107e-01 2.380531132221221924e-01 2.236561775207519531e-01 2.251005023717880249e-01 2.310878634452819824e-01 -3.268222138285636902e-02 -3.268222138285636902e-02 -3.268222138285636902e-02 -3.268222138285636902e-02 -1.063246130943298340e+00 -1.033342003822326660e+00 2.192443460226058960e-01 2.192654311656951904e-01 2.226811200380325317e-01 2.174705415964126587e-01 2.154744714498519897e-01 2.106828689575195312e-01 2.140565514564514160e-01 2.091320753097534180e-01 2.141727954149246216e-01 1.321379393339157104e-01 1.316644996404647827e-01 -8.313043713569641113e-01 2.120743989944458008e-01 2.104403078556060791e-01 2.144520580768585205e-01 2.091025859117507935e-01 2.105354517698287964e-01 2.136480212211608887e-01 2.304513007402420044e-01 -9.989106655120849609e-01 -9.275977015495300293e-01 2.298895120620727539e-01 2.369817942380905151e-01 2.163392603397369385e-01 2.115526497364044189e-01 2.284804135560989380e-01 2.129473090171813965e-01 2.340908348560333252e-01 2.348304688930511475e-01 -7.433474063873291016e-01 -8.354358673095703125e-01 2.228440493345260620e-01 2.234917581081390381e-01 2.217024713754653931e-01 2.243226617574691772e-01
1.181521788239479065e-01 -7.766301035881042480e-01 -9.760683178901672363e-01 -1.069787025451660156e+00 -8.994025588035583496e-01 2.451616525650024414e-01 2.427995502948760986e-01 2.451761811971664429e-01 2.471270859241485596e-01 2.422582060098648071e-01 2.469603419303894043e-01 2.796065509319305420e-01 2.429110407829284668e-01 2.374576777219772339e-01 2.413319498300552368e-01 2.420839071273803711e-01 -1.054814696311950684e+00 2.387594878673553467e-01 2.417706847190856934e-01 2.468504756689071655e-01 2.356819808483123779e-01 2.384198457002639771e-01 2.479755580425262451e-01 2.236036062240600586e-01 2.258126288652420044e-01 2.304467856884002686e-01 -3.370929509401321411e-02 -3.370929509401321411e-02 -3.370929509401321411e-02 -3.370929509401321411e-02 -1.063509106636047363e+00 -1.035617470741271973e+00 2.190337330102920532e-01 2.176761031150817871e-01 2.206725627183914185e-01 2.161337733268737793e-01 2.147330343723297119e-01 2.090317606925964355e-01 2.122118622064590454e-01 2.085414379835128784e-01 2.132573425769805908e-01 1.311108469963073730e-01 1.309519112110137939e-01 -8.323388695716857910e-01 2.126067280769348145e-01 2.101232856512069702e-01 2.138879150152206421e-01 2.081974446773529053e-01 2.097868174314498901e-01 2.110559046268463135e-01 2.303680777549743652e-01 -9.981647729873657227e-01 -9.306162595748901367e-01 2.296861857175827026e-01 2.422616332769393921e-01 2.162474244832992554e-01 2.117604464292526245e-01 2.268956899642944336e-01 2.106038033962249756e-01 2.377047836780548096e-01 2.319269776344299316e-01 -7.440018057823181152e-01 -8.325454592704772949e-01 2.213788777589797974e-01 2.239628881216049194e-01 2.218487411737442017e-01 2.241468429565429688e-01
1.127727329730987549e-01 -7.820178270339965820e-01 -9.817548990249633789e-01 -1.075473308563232422e+00 -9.047784209251403809e-01 2.323206514120101929e-01 2.301045805215835571e-01 2.306610494852066040e-01 2.336089462041854858e-01 2.646687030792236328e-01 2.349238693714141846e-01 2.429110407829284668e-01 3.184184432029724121e-01 2.661049067974090576e-01 2.576755881309509277e-01 2.826131582260131836e-01 -1.036451816558837891e+00 2.571006417274475098e-01 2.783617377281188965e-01 2.295407503843307495e-01 2.648175358772277832e-01 2.581955194473266602e-01 2.684365510940551758e-01 2.199890762567520142e-01 2.215304970741271973e-01 2.317618578672409058e-01 -3.939569368958473206e-02 -3.939569368958473206e-02 -3.939569368958473206e-02 -3.939569368958473206e-02 -1.069668531417846680e+00 -1.040883541107177734e+00 2.160872071981430054e-01 2.135518342256546021e-01 2.165030688047409058e-01 2.113925963640213013e-01 2.096912115812301636e-01 2.048820108175277710e-01 2.080987095832824707e-01 2.024251818656921387e-01 2.100357711315155029e-01 1.260418295860290527e-01 1.264960467815399170e-01 -8.381198048591613770e-01 2.069423794746398926e-01 2.037334293127059937e-01 2.107605934143066406e-01 2.041236460208892822e-01 2.055544257164001465e-01 2.062997072935104370e-01 2.231960892677307129e-01 -9.991577863693237305e-01 -9.365049004554748535e-01 2.307141274213790894e-01 2.457629591226577759e-01 2.104768753051757812e-01 2.052649855613708496e-01 2.232152372598648071e-01 2.089373022317886353e-01 2.285382449626922607e-01 2.267035841941833496e-01 -7.482638359069824219e-01 -8.295706510543823242e-01 2.185649424791336060e-01 2.204393893480300903e-01 2.188697457313537598e-01 2.202797830104827881e-01
1.169321835041046143e-01 -7.778583168983459473e-01 -9.775955677032470703e-01 -1.071313858032226562e+00 -9.006189703941345215e-01 2.333045452833175659e-01 2.307867407798767090e-01 2.312268465757369995e-01 2.312937974929809570e-01 2.549828290939331055e-01 2.338272184133529663e-01 2.374576777219772339e-01 2.661049067974090576e-01 3.006761670112609863e-01 2.534615993499755859e-01 2.600927650928497314e-01 -1.041441082954406738e+00 2.535245716571807861e-01 2.533264160156250000e-01 2.325742095708847046e-01 2.492141127586364746e-01 2.516008615493774414e-01 2.577434182167053223e-01 2.212757617235183716e-01 2.230582684278488159e-01 2.308999449014663696e-01 -3.523624315857887268e-02 -3.523624315857887268e-02 -3.523624315857887268e-02 -3.523624315857887268e-02 -1.065925359725952148e+00 -1.038277029991149902e+00 2.181143760681152344e-01 2.154281288385391235e-01 2.187594622373580933e-01 2.139737457036972046e-01 2.133564651012420654e-01 2.108321934938430786e-01 2.111563682556152344e-01 2.065846323966979980e-01 2.125264406204223633e-01 1.302012950181961060e-01 1.306554973125457764e-01 -8.342483639717102051e-01 2.116901427507400513e-01 2.085947990417480469e-01 2.137349098920822144e-01 2.066416591405868530e-01 2.085677385330200195e-01 2.115608751773834229e-01 2.260016053915023804e-01 -9.993590712547302246e-01 -9.321259856224060059e-01 2.290745675563812256e-01 2.352675199508666992e-01 2.134785354137420654e-01 2.083634138107299805e-01 2.265655696392059326e-01 2.137904912233352661e-01 2.303697317838668823e-01 2.287286221981048584e-01 -7.452440261840820312e-01 -8.336806297302246094e-01 2.189797163009643555e-01 2.199292331933975220e-01 2.201198190450668335e-01 2.221546024084091187e-01
1.173562258481979370e-01 -7.770397067070007324e-01 -9.771715402603149414e-01 -1.070889949798583984e+00 -8.998008370399475098e-01 2.329836636781692505e-01 2.307565212249755859e-01 2.293981462717056274e-01 2.319492697715759277e-01 2.503755986690521240e-01 2.338805943727493286e-01 2.413319498300552368e-01 2.576755881309509277e-01 2.534615993499755859e-01 2.990160286426544189e-01 2.597950994968414307e-01 -1.037329316139221191e+00 2.605221867561340332e-01 2.498996257781982422e-01 2.311836183071136475e-01 2.539257705211639404e-01 2.564128339290618896e-01 2.622317671775817871e-01 2.207518517971038818e-01 2.232921868562698364e-01 2.308165282011032104e-01 -3.481219336390495300e-02 -3.481219336390495300e-02 -3.481219336390495300e-02 -3.481219336390495300e-02 -1.065869569778442383e+00 -1.037784814834594727e+00 2.164125144481658936e-01 2.157686650753021240e-01 2.186384946107864380e-01 2.133500128984451294e-01 2.116619497537612915e-01 2.106207162141799927e-01 2.110387384891510010e-01 2.059122323989868164e-01 2.119518518447875977e-01 1.306253373622894287e-01 1.307692080736160278e-01 -8.342176675796508789e-01 2.098995596170425415e-01 2.086355537176132202e-01 2.123448401689529419e-01 2.065856903791427612e-01 2.087195515632629395e-01 2.098708450794219971e-01 2.269793897867202759e-01 -1.001875042915344238e+00 -9.322405457496643066e-01 2.299341857433319092e-01 2.389518767595291138e-01 2.134157866239547729e-01 2.080983072519302368e-01 2.250291258096694946e-01 2.119098752737045288e-01 2.295345962047576904e-01 2.270850539207458496e-01 -7.447321414947509766e-01 -8.338028788566589355e-01 2.184558212757110596e-01 2.217928320169448853e-01 2.196181118488311768e-01 2.212506532669067383e-01
1.122087985277175903e-01 -7.825815677642822266e-01 -9.823188781738281250e-01 -1.076037287712097168e+00 -9.053427577018737793e-01 2.350753098726272583e-01 2.318213433027267456e-01 2.355190515518188477e-01 2.375580817461013794e-01 2.723850011825561523e-01 2.328566908836364746e-01 2.420839071273803711e-01 2.826131582260131836e-01 2.600927650928497314e-01 2.597950994968414307e-01 3.248077332973480225e-01 -1.033968448638916016e+00 2.562925815582275391e-01 2.716462314128875732e-01 2.338170558214187622e-01 2.691413164138793945e-01 2.636189460754394531e-01 2.630840539932250977e-01 2.208351939916610718e-01 2.234976142644882202e-01 2.351152896881103516e-01 -3.995964303612709045e-02 -3.995964303612709045e-02 -3.995964303612709045e-02 -3.995964303612709045e-02 -1.070294499397277832e+00 -1.041834592819213867e+00 2.155232578516006470e-01 2.124209702014923096e-01 2.167655527591705322e-01 2.115023732185363770e-01 2.085141241550445557e-01 2.061197012662887573e-01 2.077433764934539795e-01 2.022287845611572266e-01 2.085092216730117798e-01 1.254778653383255005e-01 1.259320825338363647e-01 -8.394381999969482422e-01 2.064356356859207153e-01 2.031695246696472168e-01 2.098761647939682007e-01 2.035129815340042114e-01 2.050229758024215698e-01 2.057358026504516602e-01 2.231440544128417969e-01 -1.001063108444213867e+00 -9.373936653137207031e-01 2.301267534494400024e-01 2.470267564058303833e-01 2.091284543275833130e-01 2.076120972633361816e-01 2.228410691022872925e-01 2.081932425498962402e-01 2.278223484754562378e-01 2.254760563373565674e-01 -7.503068447113037109e-01 -8.393938541412353516e-01 2.180042117834091187e-01 2.215291112661361694e-01 2.196792364120483398e-01 2.207458466291427612e-01
-1.081803917884826660e+00 2.389797687530517578e+00 3.040496110916137695e+00 4.053010940551757812e+00 4.498129367828369141e+00 -1.056832909584045410e+00 -1.056725978851318359e+00 -1.056163072586059570e+00 -1.056737422943115234e+00 -1.044914603233337402e+00 -1.055256724357604980e+00 -1.054814696311950684e+00 -1.036451816558837891e+00 -1.041441082954406738e+00 -1.037329316139221191e+00 -1.033968448638916016e+00 1.034545707702636719e+01 -1.041948199272155762e+00 -1.045097231864929199e+00 -1.056517362594604492e+00 -1.038930296897888184e+00 -1.040152192115783691e+00 -1.043794155120849609e+00 -1.062194347381591797e+00 -1.061653614044189453e+00 -1.050932884216308594e+00 -1.163555145263671875e+00 -1.163555145263671875e+00 -1.163555145263671875e+00 -1.163555145263671875e+00 9.926450729370117188e+00 6.308958053588867188e+00 -1.062753319740295410e+00 -1.062226772308349609e+00 -1.054259419441223145e+00 -1.062095284461975098e+00 -1.062920451164245605e+00 -1.063332676887512207e+00 -1.061102151870727539e+00 -1.061800837516784668e+00 -1.062903642654418945e+00 -1.084209442138671875e+00 -1.083560943603515625e+00 4.387387275695800781e+00 -1.063541650772094727e+00 -1.056685447692871094e+00 -1.062473654747009277e+00 -1.061431765556335449e+00 -1.059316158294677734e+00 -1.064347028732299805e+00 -1.054516315460205078e+00 2.984228849411010742e+00 2.455561161041259766e+00 -1.052806615829467773e+00 -1.051888227462768555e+00 -1.062364697456359863e+00 -1.063004612922668457e+00 -1.057211160659790039e+00 -1.061757326126098633e+00 -1.053124904632568359e+00 -1.057542800903320312e+00 3.290550231933593750e+00 4.880057811737060547e+00 -1.061745762825012207e+00 -1.061107993125915527e+00 -1.061189532279968262e+00 -1.063720464706420898e+00
1.157352551817893982e-01 -7.781834006309509277e-01 -9.787923097610473633e-01 -1.072510957717895508e+00 -9.009441137313842773e-01 2.337735891342163086e-01 2.317294478416442871e-01 2.328891903162002563e-01 2.350363433361053467e-01 2.582396268844604492e-01 2.345851808786392212e-01 2.387594878673553467e-01 2.571006417274475098e-01 2.535245716571807861e-01 2.605221867561340332e-01 2.562925815582275391e-01 -1.041948199272155762e+00 3.016167879104614258e-01 2.576059699058532715e-01 2.351517826318740845e-01 2.515315413475036621e-01 2.563987672328948975e-01 2.602571249008178711e-01 2.220883667469024658e-01 2.246287167072296143e-01 2.322194874286651611e-01 -3.643316775560379028e-02 -3.643316775560379028e-02 -3.643316775560379028e-02 -3.643316775560379028e-02 -1.066172480583190918e+00 -1.039363503456115723e+00 2.158313095569610596e-01 2.147963345050811768e-01 2.185772955417633057e-01 2.133868485689163208e-01 2.113566100597381592e-01 2.113060057163238525e-01 2.109161168336868286e-01 2.050490975379943848e-01 2.110047042369842529e-01 1.286899149417877197e-01 1.294585913419723511e-01 -8.349190950393676758e-01 2.095945477485656738e-01 2.073639631271362305e-01 2.114101946353912354e-01 2.063332796096801758e-01 2.073434442281723022e-01 2.089236676692962646e-01 2.265988290309906006e-01 -1.001608610153198242e+00 -9.333173632621765137e-01 2.308007329702377319e-01 2.395018935203552246e-01 2.125326246023178101e-01 2.081231176853179932e-01 2.252124249935150146e-01 2.131952047348022461e-01 2.308348864316940308e-01 2.282710224390029907e-01 -7.455901503562927246e-01 -8.350783586502075195e-01 2.188630253076553345e-01 2.247668206691741943e-01 2.216647863388061523e-01 2.225871384143829346e-01
1.134173721075057983e-01 -7.813730239868164062e-01 -9.811102747917175293e-01 -1.074828743934631348e+00 -9.041340947151184082e-01 2.353864759206771851e-01 2.323790341615676880e-01 2.349239885807037354e-01 2.377440035343170166e-01 2.599806189537048340e-01 2.382495999336242676e-01 2.417706847190856934e-01 2.783617377281188965e-01 2.533264160156250000e-01 2.498996257781982422e-01 2.716462314128875732e-01 -1.045097231864929199e+00 2.576059699058532715e-01 3.125727176666259766e-01 2.349421828985214233e-01 2.567487657070159912e-01 2.634484767913818359e-01 2.629122436046600342e-01 2.231793552637100220e-01 2.255907505750656128e-01 2.331003397703170776e-01 -3.875103965401649475e-02 -3.875103965401649475e-02 -3.875103965401649475e-02 -3.875103965401649475e-02 -1.069023609161376953e+00 -1.039926528930664062e+00 2.137953191995620728e-01 2.132364511489868164e-01 2.170266658067703247e-01 2.117268294095993042e-01 2.093758434057235718e-01 2.092170566320419312e-01 2.099393010139465332e-01 2.030697762966156006e-01 2.100452333688735962e-01 1.266864687204360962e-01 1.268303096294403076e-01 -8.381103277206420898e-01 2.063241451978683472e-01 2.049661427736282349e-01 2.097501903772354126e-01 2.031276971101760864e-01 2.063208073377609253e-01 2.066340297460556030e-01 2.244598269462585449e-01 -9.979044795036315918e-01 -9.361848831176757812e-01 2.316277474164962769e-01 2.480087131261825562e-01 2.113500982522964478e-01 2.055990993976593018e-01 2.216137051582336426e-01 2.085387855768203735e-01 2.303988337516784668e-01 2.241015285253524780e-01 -7.476972937583923340e-01 -8.268748521804809570e-01 2.194290906190872192e-01 2.231646925210952759e-01 2.199243307113647461e-01 2.237269431352615356e-01
1.196654960513114929e-01 -7.754235863685607910e-01 -9.748621582984924316e-01 -1.068580746650695801e+00 -8.978857398033142090e-01 2.494709193706512451e-01 2.504903376102447510e-01 2.511694431304931641e-01 2.519013583660125732e-01 2.352750897407531738e-01 2.525637447834014893e-01 2.468504756689071655e-01 2.295407503843307495e-01 2.325742095708847046e-01 2.311836183071136475e-01 2.338170558214187622e-01 -1.056517362594604492e+00 2.351517826318740845e-01 2.349421828985214233e-01 2.707867920398712158e-01 2.363665997982025146e-01 2.330426722764968872e-01 2.355441004037857056e-01 2.261646240949630737e-01 2.282941490411758423e-01 2.312266379594802856e-01 -3.250294923782348633e-02 -3.250294923782348633e-02 -3.250294923782348633e-02 -3.250294923782348633e-02 -1.062547564506530762e+00 -1.034784555435180664e+00 2.201106399297714233e-01 2.198069393634796143e-01 2.223650515079498291e-01 2.179567515850067139e-01 2.156359106302261353e-01 2.106439620256423950e-01 2.151849120855331421e-01 2.096183001995086670e-01 2.146590501070022583e-01 1.329345256090164185e-01 1.321507543325424194e-01 -8.312374949455261230e-01 2.122537046670913696e-01 2.121568024158477783e-01 2.155805081129074097e-01 2.099240124225616455e-01 2.116098254919052124e-01 2.122548222541809082e-01 2.314816862344741821e-01 -9.985764622688293457e-01 -9.277430772781372070e-01 2.328712642192840576e-01 2.345789819955825806e-01 2.160409837961196899e-01 2.131925523281097412e-01 2.285444289445877075e-01 2.123284786939620972e-01 2.340519875288009644e-01 2.317718714475631714e-01 -7.421210408210754395e-01 -8.361872434616088867e-01 2.236770391464233398e-01 2.253795564174652100e-01 2.247187942266464233e-01 2.267321795225143433e-01
1.145346760749816895e-01 -7.793837785720825195e-01 -9.799927473068237305e-01 -1.073711276054382324e+00 -9.021446704864501953e-01 2.354147136211395264e-01 2.370887249708175659e-01 2.365783751010894775e-01 2.394891977310180664e-01 2.596693933010101318e-01 2.367691993713378906e-01 2.356819808483123779e-01 2.648175358772277832e-01 2.492141127586364746e-01 2.539257705211639404e-01 2.691413164138793945e-01 -1.038930296897888184e+00 2.515315413475036621e-01 2.567487657070159912e-01 2.363665997982025146e-01 3.020507097244262695e-01 2.516598105430603027e-01 2.609216570854187012e-01 2.227482795715332031e-01 2.246927469968795776e-01 2.333563566207885742e-01 -3.763372451066970825e-02 -3.763372451066970825e-02 -3.763372451066970825e-02 -3.763372451066970825e-02 -1.067464351654052734e+00 -1.040563941001892090e+00 2.149834185838699341e-01 2.143892943859100342e-01 2.177626043558120728e-01 2.127435058355331421e-01 2.107172906398773193e-01 2.069504112005233765e-01 2.089192122220993042e-01 2.046950310468673706e-01 2.104675471782684326e-01 1.278037726879119873e-01 1.282580345869064331e-01 -8.361490368843078613e-01 2.080621570348739624e-01 2.055893987417221069e-01 2.111922800540924072e-01 2.042550444602966309e-01 2.065607309341430664e-01 2.080616801977157593e-01 2.277385443449020386e-01 -1.003308653831481934e+00 -9.336338043212890625e-01 2.357788085937500000e-01 2.421381175518035889e-01 2.111172229051589966e-01 2.072611600160598755e-01 2.242809236049652100e-01 2.094897180795669556e-01 2.317684441804885864e-01 2.273748368024826050e-01 -7.460075020790100098e-01 -8.297675251960754395e-01 2.218320071697235107e-01 2.244471013545989990e-01 2.220723032951354980e-01 2.222408503293991089e-01
1.148650497198104858e-01 -7.799252867698669434e-01 -9.796625971794128418e-01 -1.073381185531616211e+00 -9.026863574981689453e-01 2.328478544950485229e-01 2.327989339828491211e-01 2.305032461881637573e-01 2.345086038112640381e-01 2.507185339927673340e-01 2.361752688884735107e-01 2.384198457002639771e-01 2.581955194473266602e-01 2.516008615493774414e-01 2.564128339290618896e-01 2.636189460754394531e-01 -1.040152192115783691e+00 2.563987672328948975e-01 2.634484767913818359e-01 2.330426722764968872e-01 2.516598105430603027e-01 3.055935204029083252e-01 2.548611760139465332e-01 2.207102179527282715e-01 2.252332419157028198e-01 2.403624057769775391e-01 -3.411922603845596313e-02 -3.411922603845596313e-02 -3.411922603845596313e-02 -3.411922603845596313e-02 -1.067261576652526855e+00 -1.039113879203796387e+00 2.160957455635070801e-01 2.170963138341903687e-01 2.177196145057678223e-01 2.128663361072540283e-01 2.108442485332489014e-01 2.068763524293899536e-01 2.098917514085769653e-01 2.054741233587265015e-01 2.114033997058868408e-01 1.281341463327407837e-01 1.282780170440673828e-01 -8.360249996185302734e-01 2.087243497371673584e-01 2.064678817987442017e-01 2.118848711252212524e-01 2.050528973340988159e-01 2.083112001419067383e-01 2.080816626548767090e-01 2.303802073001861572e-01 -1.001947760581970215e+00 -9.337043166160583496e-01 2.318092733621597290e-01 2.457929998636245728e-01 2.117316573858261108e-01 2.079233229160308838e-01 2.282922565937042236e-01 2.086855620145797729e-01 2.299108207225799561e-01 2.284195423126220703e-01 -7.476505041122436523e-01 -8.327683806419372559e-01 2.192483246326446533e-01 2.223339378833770752e-01 2.201885879039764404e-01 2.206209003925323486e-01
1.138907670974731445e-01 -7.808995246887207031e-01 -9.806370139122009277e-01 -1.074355363845825195e+00 -9.036605358123779297e-01 2.346426695585250854e-01 2.345656454563140869e-01 2.333641499280929565e-01 2.367553710937500000e-01 2.641299068927764893e-01 2.380531132221221924e-01 2.479755580425262451e-01 2.684365510940551758e-01 2.577434182167053223e-01 2.622317671775817871e-01 2.630840539932250977e-01 -1.043794155120849609e+00 2.602571249008178711e-01 2.629122436046600342e-01 2.355441004037857056e-01 2.609216570854187012e-01 2.548611760139465332e-01 3.099553287029266357e-01 2.214519828557968140e-01 2.241143435239791870e-01 2.306534349918365479e-01 -3.827766329050064087e-02 -3.827766329050064087e-02 -3.827766329050064087e-02 -3.827766329050064087e-02 -1.068337917327880859e+00 -1.038222908973693848e+00 2.146487534046173096e-01 2.139297574758529663e-01 2.173473834991455078e-01 2.122001945972442627e-01 2.112969905138015747e-01 2.081334590911865234e-01 2.110549062490463257e-01 2.035432606935501099e-01 2.095132619142532349e-01 1.271598488092422485e-01 1.273037493228912354e-01 -8.370996713638305664e-01 2.075956612825393677e-01 2.054937183856964111e-01 2.119887024164199829e-01 2.042432725429534912e-01 2.070042341947555542e-01 2.071073800325393677e-01 2.254987806081771851e-01 -1.003922820091247559e+00 -9.348425865173339844e-01 2.287625968456268311e-01 2.415246367454528809e-01 2.110628634691238403e-01 2.066172212362289429e-01 2.252324372529983521e-01 2.080067843198776245e-01 2.300568819046020508e-01 2.276952862739562988e-01 -7.476536035537719727e-01 -8.359956145286560059e-01 2.200818508863449097e-01 2.216883152723312378e-01 2.197078913450241089e-01 2.213625907897949219e-01
